ELANEM=/,ELBARO=8.1,ELSTAT=6,ELTERM=2,LAT=59.77909,LON=21.37479,STATION_NAME=/,STATION_TYPE=/,WMON=02981,WSI=0-20000-0-02981,BULLETIN_ID=52,TTAAII=ISCD02,EXEC_DATE=2025-01-28 05:59:24,FMISID=100908,HEADER_INFO=/,REPORT_MONTH=2024-12-01,S11_P=1010.4,S12_P=1011.4,S13_ST=1.7,S13_T=3.2,S14_TN=1.3,S14_TX=/,S15_E=6.7,S16_NR=12,S16_R=58.5,S16_RD=4,S17_PS=26,S17_S=29.7,S18_MP=/,S18_MT=/,S18_MTN=0,S18_MTX=0,S19_ME=0,S19_MR=0,S19_MS=0,S20_YB=1981,S20_YC=2010,S21_P=/,S22_P=1010,S23_ST=/,S23_T=1.2,S24_TN=-.5,S24_TX=2.8,S25_E=/,S26_NR=12,S26_R=55,S27_S=/,S28_YP=/,S28_YT=/,S28_YTX=/,S29_YE=/,S29_YR=/,S29_YS=/,S30_T25=/,S30_T30=/,S31_T35=/,S31_T40=/,S32_TN0=/,S32_TX0=/,S33_R01=/,S33_R05=/,S34_R10=/,S34_R50=/,S35_R100=/,S35_R150=/,S36_S00=/,S36_S01=/,S37_S10=/,S37_S50=/,S38_F10=/,S38_F20=/,S38_F30=/,S39_V1=/,S39_V2=/,S39_V3=/,S40_TXD=/,S40_YX=/,S41_TND=/,S41_YN=/,S42_TAX=/,S42_YAX=/,S43_TAN=/,S43_YAN=/,S44_RX=/,S44_YR=/,S45_FX=/,S45_IW=/,S45_YFX=/,WMO=/,*
ELANEM=11,ELBARO=/,ELSTAT=6,ELTERM=2,LAT=60.3869,LON=/,STATION_NAME=Kaarina Yltoinen,STATION_TYPE=0,WMON=/,WSI=0-20000-0-02828,BULLETIN_ID=52,TTAAII=ISCD02,EXEC_DATE=2025-01-28 05:59:24,FMISID=/,HEADER_INFO=CCA,REPORT_MONTH=2024-12-01,S11_P=/,S12_P=1010.9,S13_ST=3,S13_T=.6,S14_TN=/,S14_TX=2.9,S15_E=/,S16_NR=12,S16_R=69,S16_RD=3,S17_PS=/,S17_S=/,S18_MP=0,S18_MT=0,S18_MTN=/,S18_MTX=0,S19_ME=0,S19_MR=0,S19_MS=31,S20_YB=1981,S20_YC=2010,S21_P=/,S22_P=/,S23_ST=/,S23_T=/,S24_TN=-5.7,S24_TX=0,S25_E=/,S26_NR=11,S26_R=/,S27_S=/,S28_YP=/,S28_YT=0,S28_YTX=0,S29_YE=/,S29_YR=0,S29_YS=/,S30_T25=0,S30_T30=0,S31_T35=0,S31_T40=0,S32_TN0=21,S32_TX0=2,S33_R01=12,S33_R05=7,S34_R10=1,S34_R50=0,S35_R100=0,S35_R150=0,S36_S00=1,S36_S01=1,S37_S10=0,S37_S50=0,S38_F10=/,S38_F20=/,S38_F30=/,S39_V1=/,S39_V2=/,S39_V3=/,S40_TXD=5.8,S40_YX=51,S41_TND=-7.3,S41_YN=4,S42_TAX=6.8,S42_YAX=2,S43_TAN=-9.2,S43_YAN=54,S44_RX=11.7,S44_YR=29,S45_FX=/,S45_IW=0,S45_YFX=/,WMO=2828,*
ELANEM=27,ELBARO=4.4,ELSTAT=/,ELTERM=2,LAT=/,LON=24.94459,STATION_NAME=Helsinki Kaisaniemi,STATION_TYPE=0,WMON=02978,WSI=/,BULLETIN_ID=52,TTAAII=ISCD02,EXEC_DATE=/,FMISID=100971,HEADER_INFO=CCA,REPORT_MONTH=2024-12-01,S11_P=1010.8,S12_P=/,S13_ST=2.9,S13_T=/,S14_TN=-1.5,S14_TX=3.4,S15_E=6,S16_NR=/,S16_R=78.4,S16_RD=4,S17_PS=/,S17_S=/,S18_MP=0,S18_MT=0,S18_MTN=0,S18_MTX=/,S19_ME=0,S19_MR=0,S19_MS=/,S20_YB=1981,S20_YC=2010,S21_P=/,S22_P=/,S23_ST=/,S23_T=-2,S24_TN=/,S24_TX=/,S25_E=/,S26_NR=/,S26_R=58,S27_S=/,S28_YP=/,S28_YT=0,S28_YTX=0,S29_YE=/,S29_YR=0,S29_YS=/,S30_T25=0,S30_T30=0,S31_T35=0,S31_T40=0,S32_TN0=22,S32_TX0=2,S33_R01=14,S33_R05=8,S34_R10=1,S34_R50=0,S35_R100=0,S35_R150=0,S36_S00=16,S36_S01=16,S37_S10=0,S37_S50=0,S38_F10=4,S38_F20=0,S38_F30=0,S39_V1=0,S39_V2=0,S39_V3=10,S40_TXD=6.5,S40_YX=1,S41_TND=-4.4,S41_YN=15,S42_TAX=7.2,S42_YAX=2,S43_TAN=-9.2,S43_YAN=15,S44_RX=10.2,S44_YR=14,S45_FX=20.3,S45_IW=0,S45_YFX=30,WMO=2978,*
ELANEM=17.7,ELBARO=39,ELSTAT=38,ELTERM=/,LAT=61.25294,LON=22.34613,STATION_NAME=Kokemaki Tulkkila,STATION_TYPE=0,WMON=02937,WSI=0-20000-0-02937,BULLETIN_ID=/,TTAAII=/,EXEC_DATE=2025-01-28 05:59:24,FMISID=101103,HEADER_INFO=CCA,REPORT_MONTH=2024-12-01,S11_P=1005.1,S12_P=1010.1,S13_ST=/,S13_T=-.5,S14_TN=-3.7,S14_TX=2.2,S15_E=5.6,S16_NR=8,S16_R=/,S16_RD=/,S17_PS=/,S17_S=/,S18_MP=0,S18_MT=0,S18_MTN=0,S18_MTX=0,S19_ME=/,S19_MR=/,S19_MS=31,S20_YB=1981,S20_YC=2010,S21_P=/,S22_P=/,S23_ST=/,S23_T=/,S24_TN=/,S24_TX=/,S25_E=/,S26_NR=/,S26_R=/,S27_S=/,S28_YP=/,S28_YT=/,S28_YTX=/,S29_YE=/,S29_YR=/,S29_YS=/,S30_T25=0,S30_T30=0,S31_T35=0,S31_T40=0,S32_TN0=23,S32_TX0=5,S33_R01=8,S33_R05=3,S34_R10=1,S34_R50=0,S35_R100=0,S35_R150=0,S36_S00=24,S36_S01=24,S37_S10=6,S37_S50=0,S38_F10=1,S38_F20=0,S38_F30=0,S39_V1=0,S39_V2=0,S39_V3=16,S40_TXD=6.1,S40_YX=1,S41_TND=-9.2,S41_YN=4,S42_TAX=7.4,S42_YAX=2,S43_TAN=-13.6,S43_YAN=15,S44_RX=11.6,S44_YR=29,S45_FX=17.8,S45_IW=0,S45_YFX=16,WMO=2937,*